3.1049e-005
3.10501e-005
3.1049e-005
3.10501e-005
3.10499e-005
3.10503e-005
3.10495e-005
3.10495e-005
3.10503e-005
3.10501e-005
3.1049e-005
3.10503e-005
3.10503e-005
3.10501e-005
3.10499e-005
3.10503e-005
3.10508e-005
3.10501e-005
3.10494e-005
3.10503e-005
3.10508e-005
3.10501e-005
3.105e-005
3.10501e-005
3.105e-005
3.10494e-005
3.10505e-005
3.10508e-005
3.10499e-005
3.10499e-005
3.10494e-005
3.10503e-005
3.10503e-005
3.10495e-005
3.1049e-005
3.10495e-005
3.10505e-005
3.10499e-005
3.10503e-005
3.10503e-005
3.10494e-005
3.10508e-005
3.1049e-005
3.1049e-005
3.10499e-005
3.10501e-005
3.10508e-005
3.10508e-005
