6.2098e-005
6.21002e-005
6.2098e-005
6.21001e-005
6.20999e-005
6.21005e-005
6.2099e-005
6.2099e-005
6.21007e-005
6.21001e-005
6.20958e-005
6.2104e-005
6.20983e-005
6.21002e-005
6.20999e-005
6.21007e-005
6.21061e-005
6.20979e-005
6.20988e-005
6.21007e-005
6.20994e-005
6.20979e-005
6.21e-005
6.21001e-005
6.21034e-005
6.20988e-005
6.20988e-005
6.20994e-005
6.20999e-005
6.20999e-005
6.20966e-005
6.21007e-005
6.21007e-005
6.20968e-005
6.2098e-005
6.2099e-005
6.2101e-005
6.20999e-005
6.21007e-005
6.21007e-005
6.21033e-005
6.21016e-005
6.20958e-005
6.2098e-005
6.20999e-005
6.21002e-005
6.21016e-005
6.21016e-005
